    x1      y1      x3      y3      x4      y4
      61      60   129.5   131.5      53      46
    64.5    56.5     135     125    56.5    43.5
      71    53.5     140     119    61.5      42
    77.5      51     143     109      65      39
    83.5      50     145   100.5    71.5    36.5
    91.5      50   144.5      91      79      35
    96.5    51.5     143      83      86      35
     105      55     140      75      93    35.5
   109.5    57.5   136.5    71.5     101      36
   113.5    62.5   130.5    64.5   109.5      38
     117      67   127.5      58     117      41
   120.5      73   121.5    55.5   124.5    45.5
   122.5    79.5     116      50     130    49.5
   122.5      88     109      46     136      54
     122      95   102.5    42.5     140      56
     121      98    96.5    41.5     143      61
     118     104    90.5    39.5     146    62.5
     114     108      84      40     150      68
     111     112    78.5    40.5     152      72
                      73    42.5     153      75
                      68      44     155      78
                      65      47     156      82
                    61.5    48.5     159      86
                    57.5    51.5     161      90
                                   161.5      95
                                     162     100
                                     162     107
                                   160.5   113.5
                                     159     120
                                     157     125
                                     155     131
                                     153     136
                                     151     141
                                   148.5   144.5
