48.0
79.666666667
72.0
57.666666667
64.333333333
43.666666667
64.0
64.0
70.0
57.666666667
65.333333333
40.333333333
59.666666667
59.666666667
83.666666667
75.333333333
69.0
55.333333333
41.666666667
62.0
58.333333333
71.0
54.666666667
72.666666667
77.0
51.0
49.666666667
77.0
62.666666667
72.666666667
91.666666667
64.666666667
75.666666667
66.0
78.0
56.666666667
57.666666667
78.0
74.666666667
69.666666667
51.333333333
58.333333333
62.666666667
51.0
57.333333333
67.333333333
64.0
77.666666667
63.333333333
32.333333333
74.666666667
58.333333333
63.333333333
53.666666667
33.333333333
90.333333333
63.666666667
50.0
55.666666667
57.666666667
59.0
67.0
67.666666667
63.666666667
35.333333333
79.333333333
53.666666667
38.0
68.666666667
66.666666667
55.333333333
43.666666667
76.333333333
42.0
55.0
70.333333333
50.0
55.0
49.0
84.0
68.666666667
57.0
73.333333333
76.0
62.0
51.666666667
66.0
56.333333333
61.333333333
62.666666667
51.666666667
71.333333333
70.666666667
36.666666667
70.666666667
59.666666667
63.0
38.0
56.666666667
49.333333333
53.0
80.666666667
57.666666667
70.0
90.0
53.333333333
51.333333333
60.333333333
63.0
33.333333333
68.333333333
67.666666667
67.0
68.333333333
56.666666667
60.333333333
65.333333333
54.666666667
64.666666667
48.0
81.0
65.333333333
56.666666667
58.666666667
74.0
72.333333333
74.666666667
67.666666667
64.333333333
54.666666667
47.333333333
57.333333333
61.666666667
78.0
49.0
57.333333333
69.333333333
61.0
43.333333333
65.0
68.0
55.0
37.0
69.333333333
42.0
52.666666667
47.666666667
56.0
70.0
61.0
75.0
74.0
55.0
51.0
76.666666667
70.333333333
74.0
86.666666667
64.333333333
70.333333333
62.333333333
53.0
65.0
66.0
46.333333333
57.666666667
72.666666667
80.666666667
75.0
57.0
67.333333333
74.666666667
57.0
50.333333333
72.666666667
76.333333333
73.333333333
60.333333333
70.666666667
64.333333333
40.333333333
60.666666667
53.666666667
48.666666667
41.666666667
58.0
67.666666667
43.0
64.666666667
80.666666667
69.333333333
67.666666667
83.0
58.0
68.0
59.333333333
72.666666667
63.333333333
58.333333333
61.190954774 60.83919598 64.457286432